6.100000000000000000e+01 8.052500000000012506e+02
7.300000000000000000e+01 1.130178571428572241e+03
8.500000000000000000e+01 1.503285714285714903e+03
9.700000000000000000e+01 1.924571428571429124e+03
1.090000000000000000e+02 2.394035714285714675e+03
1.210000000000000000e+02 2.911678571428572468e+03
1.330000000000000000e+02 3.477500000000001819e+03
1.450000000000000000e+02 4.091500000000003183e+03
1.570000000000000000e+02 4.753678571428576106e+03
1.690000000000000000e+02 5.464035714285721042e+03
1.810000000000000000e+02 6.222571428571436627e+03
1.930000000000000000e+02 7.029285714285724680e+03
2.050000000000000000e+02 7.884178571428583382e+03
2.170000000000000000e+02 8.787250000000016371e+03
2.290000000000000000e+02 9.738500000000018190e+03
2.410000000000000000e+02 1.073792857142859430e+04
